Timestamp,RA,Dec,trackingRA,trackingDec
2026-04-24_04:32:33.349068,213.906527,18.965141,214.240121841,19.0574359894
2026-04-24_04:32:33.849647,213.906539,18.965078,214.240036011,19.0575008392
2026-04-24_04:32:37.354857,213.906992,18.964806,214.239907265,19.0575199127
2026-04-24_04:32:40.359298,213.906978,18.965169,214.240193367,19.0574302673
2026-04-24_04:32:43.363707,213.906559,18.965099,214.239792824,19.0575828552
2026-04-24_04:32:49.372712,213.906476,18.9653,214.240393639,19.057390213
2026-04-24_04:32:49.873563,213.907144,18.964912,214.239993095,19.0575447083
2026-04-24_04:32:58.386042,213.906671,18.965498,214.240293503,19.0574359894
2026-04-24_04:32:58.886774,213.906772,18.965517,214.239993095,19.0575675964
2026-04-24_04:33:08.401049,213.906931,18.965573,214.240078926,19.0573787689
2026-04-24_04:33:08.901588,213.906559,18.965748,214.240164757,19.0573978424
2026-04-24_04:33:19.917886,213.906273,18.966155,214.240264893,19.0573558807
2026-04-24_04:33:20.418633,213.906917,18.965628,214.240708351,19.0571269989
2026-04-24_04:33:31.935743,213.906854,18.966226,214.240365028,19.0573348999
2026-04-24_04:33:32.436564,213.906732,18.96586,214.239878654,19.0575504303
2026-04-24_04:33:45.455796,213.906504,18.966506,214.240522385,19.0572528839
2026-04-24_04:33:45.956467,213.907177,18.966137,214.240078926,19.0574226379
2026-04-24_04:33:59.476537,213.906774,18.966656,214.240522385,19.0571994781
2026-04-24_04:33:59.977260,213.907023,18.966585,214.239807129,19.0576934814
2026-04-24_04:34:14.999540,213.906171,18.966847,214.239864349,19.0575370789
2026-04-24_04:34:15.500278,213.906527,18.966733,214.240293503,19.0572681427
2026-04-24_04:34:31.023288,213.906532,18.966987,214.239549637,19.0576038361
2026-04-24_04:34:31.524013,213.906545,18.967066,214.240365028,19.0573863983
2026-04-24_04:34:48.048464,213.90714,18.966766,214.24053669,19.0571460724
2026-04-24_04:34:48.549252,213.906929,18.966951,214.239935875,19.0576171875
2026-04-24_04:35:06.075187,213.906143,18.967167,214.240436554,19.057258606
2026-04-24_04:35:06.575954,213.907018,18.966664,214.240608215,19.0571994781
2026-04-24_04:35:25.604144,213.906666,18.967195,214.239850044,19.0575122833
2026-04-24_04:35:26.104840,213.906408,18.967305,214.239478111,19.0577354431
2026-04-24_04:35:46.134548,213.906923,18.967245,214.23995018,19.0574302673
2026-04-24_04:35:46.635340,213.906396,18.967563,214.239549637,19.0576019287
2026-04-24_04:36:07.165683,213.906601,18.967363,214.239664078,19.0577487946
2026-04-24_04:36:07.666514,213.906193,18.967717,214.239535332,19.0577449799
2026-04-24_04:36:29.699114,213.906651,18.96782,214.24050808,19.0571784973
2026-04-24_04:36:30.199886,213.906898,18.967653,214.240136147,19.0574207306
2026-04-24_04:36:52.733290,213.906576,18.9678,214.240736961,19.0571918488
2026-04-24_04:36:53.234019,213.90707,18.967741,214.240350723,19.0572223663
2026-04-24_04:37:17.269620,213.90582,18.96799,214.240150452,19.0574760437
2026-04-24_04:37:17.770413,213.906321,18.967962,214.23995018,19.0575771332
2026-04-24_04:37:42.306763,213.905846,18.968253,214.240136147,19.0574264526
2026-04-24_04:37:42.807510,213.906214,18.967928,214.239907265,19.0575027466
2026-04-24_04:38:08.846057,213.906046,18.968057,214.24053669,19.057258606
2026-04-24_04:38:09.346827,213.906281,18.967841,214.239621162,19.0575408936
2026-04-24_04:38:35.886144,213.906099,18.967844,214.239993095,19.0574798584
2026-04-24_04:38:36.386908,213.905909,18.968002,214.24059391,19.0573196411
2026-04-24_04:39:03.927740,213.905617,18.967923,214.24059391,19.0572071075
2026-04-24_04:39:04.428510,213.906315,18.967565,214.240465164,19.0572509766
2026-04-24_04:39:32.970849,213.905078,18.967898,214.240264893,19.0574054718
2026-04-24_04:39:33.471543,213.905538,18.967774,214.239907265,19.0574054718
2026-04-24_04:40:03.516075,213.905432,18.967667,214.239835739,19.0575275421
2026-04-24_04:40:04.016804,213.905171,18.967802,214.240279198,19.0573692322
2026-04-24_04:40:35.062782,213.904767,18.968208,214.240479469,19.05727005
2026-04-24_04:40:35.563520,213.905351,18.967858,214.240036011,19.057384491
2026-04-24_04:41:07.611058,213.90523,18.968213,214.240307808,19.0572357178
2026-04-24_04:41:08.111807,213.904991,18.968137,214.239878654,19.057641983
2026-04-24_04:41:40.660020,213.904637,18.968716,214.240407944,19.057302475
2026-04-24_04:41:41.160790,213.905079,18.968187,214.239792824,19.0575885773
2026-04-24_04:42:15.211253,213.905026,18.968593,214.240479469,19.0573234558
2026-04-24_04:42:15.711991,213.905287,18.968365,214.240021706,19.0574493408
2026-04-24_04:42:50.763885,213.904445,18.968999,214.240121841,19.0574569702
2026-04-24_04:42:51.264655,213.904867,18.968861,214.240221977,19.0572719574
2026-04-24_04:43:27.318113,213.905087,18.968514,214.239864349,19.057516098
2026-04-24_04:43:27.818869,213.90473,18.968796,214.240250587,19.0574226379
2026-04-24_04:44:04.873773,213.904448,18.968882,214.240379333,19.0573177338
2026-04-24_04:44:05.374559,213.904745,18.968858,214.239606857,19.0575447083
2026-04-24_04:44:42.930223,213.9047,18.969284,214.240422249,19.0573768616
2026-04-24_04:44:43.430982,213.904917,18.969102,214.239778519,19.0576133728
2026-04-24_04:45:22.488802,213.904484,18.970156,214.240078926,19.0574398041
2026-04-24_04:45:22.989572,213.90478,18.969646,214.239864349,19.0575942993
2026-04-24_04:46:02.548237,213.904437,18.969533,214.239521027,19.0578041077
2026-04-24_04:46:03.048965,213.903885,18.970114,214.240121841,19.0574913025
2026-04-24_04:46:44.109800,213.904121,18.969867,214.240322113,19.0574436188
2026-04-24_04:46:44.610609,213.904555,18.969639,214.23995018,19.0575637817
2026-04-24_04:47:26.672894,213.904154,18.969941,214.240207672,19.0574111938
2026-04-24_04:47:27.173688,213.904315,18.969825,214.239907265,19.0574512482
2026-04-24_04:48:10.237467,213.903749,18.969887,214.240307808,19.0574512482
2026-04-24_04:48:10.738228,213.904089,18.969918,214.240107536,19.0574645996
2026-04-24_04:48:54.803545,213.903647,18.970211,214.23997879,19.0574588776
2026-04-24_04:48:55.304321,213.903549,18.970254,214.240150452,19.0574550629
2026-04-24_04:49:40.371130,213.903267,18.970418,214.240365028,19.0573406219
2026-04-24_04:49:40.871837,213.903955,18.970178,214.240036011,19.0573291779
2026-04-24_04:50:26.439406,213.903122,18.970407,214.239721298,19.0576000214
2026-04-24_04:50:26.940042,213.902849,18.970515,214.240193367,19.0573635101
2026-04-24_04:52:42.140413,203.706927,17.939461,204.082231522,18.011964798
2026-04-24_04:52:42.641171,203.70926,17.93929,204.093089104,18.011964798
2026-04-24_04:53:31.213169,203.911178,17.939574,204.286952019,18.011964798
2026-04-24_04:53:31.713908,203.913202,17.939859,204.298639297,18.011964798
2026-04-24_04:54:21.788121,204.123491,17.939809,204.498338699,18.011964798
2026-04-24_04:54:22.288950,204.125673,17.939801,204.509210587,18.011964798
2026-04-24_04:55:12.864004,204.336936,17.938651,204.712171555,18.012014389
2026-04-24_04:55:13.364658,204.338982,17.938964,204.723043442,18.012014389
2026-04-24_04:56:04.941178,204.554686,17.938992,204.929437637,18.012014389
2026-04-24_04:56:05.441958,204.557051,17.938942,204.941124916,18.012014389
2026-04-24_04:56:58.520642,204.778869,17.93802,205.153355598,18.012014389
2026-04-24_04:56:59.021372,204.781828,17.937989,205.165071487,18.012014389
2026-04-24_04:57:53.101545,205.007671,17.938263,205.381479263,18.012014389
2026-04-24_04:57:53.602282,205.009491,17.938465,205.393166542,18.012014389
2026-04-24_04:58:48.683897,205.240825,17.938082,205.613765717,18.012014389
2026-04-24_04:58:49.184686,205.24254,17.938038,205.6254673,18.012014389
2026-04-24_04:58:51.688283,205.252665,17.937909,205.637168884,18.012014389
2026-04-24_04:58:55.193562,205.267177,17.937498,205.648870468,18.012014389
2026-04-24_04:58:58.698694,205.281979,17.938166,205.660557747,18.012014389
2026-04-24_04:59:01.703142,205.294322,17.937873,205.672259331,18.012014389
2026-04-24_04:59:05.208474,205.308845,17.938519,205.683116913,18.012014389
2026-04-24_04:59:10.716527,205.332348,17.938014,205.705690384,18.012014389
2026-04-24_04:59:11.217285,205.33446,17.938257,205.716547966,18.012014389
2026-04-24_04:59:19.729898,205.369727,17.93816,205.743284225,18.012014389
2026-04-24_04:59:20.230687,205.371864,17.938277,205.754985809,18.012014389
2026-04-24_04:59:30.245474,205.413813,17.937902,205.787572861,18.012014389
2026-04-24_04:59:30.746262,205.416208,17.938168,205.798430443,18.012014389
2026-04-24_04:59:41.261867,205.459905,17.938407,205.833520889,18.012014389
2026-04-24_04:59:41.762630,205.461703,17.938347,205.845222473,18.012014389
2026-04-24_04:59:53.780346,205.51192,17.936288,205.885334015,18.012014389
2026-04-24_04:59:54.281139,205.514315,17.93826,205.897021294,18.012014389
2026-04-24_05:00:06.799725,205.567046,17.938,205.93963623,18.012014389
2026-04-24_05:00:07.300474,205.56913,17.937872,205.952181816,18.012014389
2026-04-24_05:00:21.321232,205.627956,17.937834,206.00066185,18.012052536
2026-04-24_05:00:21.821988,205.63003,17.937765,206.012334824,18.012014389
2026-04-24_05:00:36.844193,205.692948,17.937629,206.065807343,18.012014389
2026-04-24_05:00:37.345035,205.695147,17.937715,206.076693535,18.012014389
2026-04-24_05:00:52.868001,205.75939,17.937779,206.132655144,18.012014389
2026-04-24_05:00:53.368762,205.761427,17.937776,206.144356728,18.012014389
2026-04-24_05:01:10.393956,205.832671,17.937736,206.206183434,18.012014389
2026-04-24_05:01:10.894718,205.83471,17.937666,206.217055321,18.012014389
2026-04-24_05:01:28.420685,205.908098,17.937301,206.281399727,18.012014389
2026-04-24_05:01:28.921449,205.910304,17.937185,206.292257309,18.012014389
2026-04-24_05:01:47.448821,205.98816,17.936975,206.360778809,18.012014389
2026-04-24_05:01:47.949633,205.990591,17.937025,206.371650696,18.012014389
2026-04-24_05:02:07.478500,206.072133,17.937272,206.444334984,18.012014389
2026-04-24_05:02:07.979273,206.074073,17.937119,206.456036568,18.012014389
2026-04-24_05:02:29.010472,206.162156,17.936552,206.533741951,18.012014389
2026-04-24_05:02:29.511153,206.164491,17.93698,206.545443535,18.012014389
2026-04-24_05:02:51.043134,206.25434,17.936536,206.62648201,18.012014389
2026-04-24_05:02:51.543877,206.256554,17.936395,206.637353897,18.012014389
2026-04-24_05:03:14.577975,206.351925,17.935965,206.724257469,18.012014389
2026-04-24_05:03:15.078737,206.353943,17.936004,206.735944748,18.012014389
2026-04-24_05:03:39.114330,206.454567,17.935864,206.827039719,18.012014389
2026-04-24_05:03:39.615009,206.456588,17.935688,206.838726997,18.012014389
2026-04-24_05:04:04.652173,206.561257,17.935571,206.933884621,18.0120716095
2026-04-24_05:04:05.153020,206.563095,17.935787,206.944742203,18.0120716095
2026-04-24_05:04:31.191513,206.672286,17.935848,207.044277191,18.012014389
2026-04-24_05:04:31.692212,206.674271,17.935983,207.055978775,18.012014389
2026-04-24_05:04:58.231596,206.785482,17.935979,207.157917023,18.012014389
2026-04-24_05:04:58.732254,206.787349,17.936003,207.169618607,18.012014389
2026-04-24_05:05:26.773856,206.904821,17.936036,207.27657795,18.012014389
2026-04-24_05:05:27.274659,206.90676,17.936051,207.287449837,18.012014389
2026-04-24_05:05:55.816903,207.026364,17.936018,207.398571968,18.012014389
2026-04-24_05:05:56.317675,207.02862,17.935994,207.40942955,18.012014389
2026-04-24_05:06:25.861458,207.151602,17.935813,207.523913383,18.012014389
2026-04-24_05:06:26.362240,207.153678,17.936072,207.534770966,18.012014389
2026-04-24_05:06:57.408185,207.283211,17.936341,207.655920982,18.012014389
2026-04-24_05:06:57.908980,207.285707,17.936217,207.66679287,18.012014389
2026-04-24_05:07:29.956405,207.419586,17.935509,207.791290283,18.012014389
2026-04-24_05:07:30.457184,207.421892,17.935243,207.802991867,18.012014389
2026-04-24_05:08:03.506134,207.559324,17.935921,207.931666374,18.012014389
2026-04-24_05:08:04.006928,207.561773,17.935733,207.942538261,18.012014389
2026-04-24_05:08:37.556604,207.701929,17.935446,208.073716164,18.012014389
2026-04-24_05:08:38.057393,207.704237,17.935369,208.085417747,18.012014389
2026-04-24_05:09:12.608586,207.849207,17.935587,208.220787048,18.012014389
2026-04-24_05:09:13.109358,207.851265,17.935656,208.23164463,18.012014389
2026-04-24_05:09:48.662010,207.999947,17.935444,208.37117672,18.012014389
2026-04-24_05:09:49.162830,208.002082,17.935309,208.382048607,18.012014389
2026-04-24_05:10:26.217610,208.157175,17.935736,208.528261185,18.012014389
2026-04-24_05:10:26.718423,208.159509,17.935806,208.539147377,18.012014389
2026-04-24_05:11:04.274064,208.315586,17.93602,208.687033653,18.012014389
2026-04-24_05:11:04.774848,208.317388,17.936046,208.697891235,18.012014389
2026-04-24_05:11:43.332013,208.47902,17.935677,208.84996891,18.012014389
2026-04-24_05:11:43.832708,208.480778,17.9357,208.861670494,18.012014389
2026-04-24_05:12:23.391378,208.646061,17.935355,209.017925262,18.012014389
2026-04-24_05:12:23.892080,208.6484,17.935184,209.027953148,18.012014389
2026-04-24_05:13:04.452141,208.817367,17.934864,209.189214706,18.012014389
2026-04-24_05:13:04.952943,208.819393,17.934931,209.200086594,18.012014389
2026-04-24_05:13:47.015222,208.995469,17.935041,209.367198944,18.012014389
2026-04-24_05:13:47.516015,208.997558,17.934951,209.377212524,18.012014389
2026-04-24_05:14:30.079070,209.175748,17.9349,209.546842575,18.012014389
2026-04-24_05:14:30.579836,209.177826,17.934852,209.557714462,18.012014389
2026-04-24_05:15:14.144412,209.360048,17.934482,209.730677605,18.012014389
2026-04-24_05:15:14.645156,209.361727,17.934786,209.741535187,18.012014389
2026-04-24_05:15:59.211169,209.548162,17.934602,209.919505119,18.012014389
2026-04-24_05:15:59.711988,209.550468,17.934476,209.930276871,18.0120716095
2026-04-24_05:16:45.279393,209.741374,17.934064,210.111694336,18.012014389
2026-04-24_05:16:45.780150,209.743101,17.933974,210.122566223,18.012014389
2026-04-24_05:17:32.349204,209.937651,17.933857,210.308060646,18.012014389
2026-04-24_05:17:32.849948,209.939987,17.933665,210.319747925,18.012014389
2026-04-24_05:18:20.420479,210.139155,17.932911,210.509433746,18.012014389
2026-04-24_05:18:20.921092,210.141193,17.933389,210.52113533,18.012014389
2026-04-24_05:19:09.993868,210.345723,17.932622,210.716657639,18.012014389
2026-04-24_05:19:10.494625,210.347973,17.93265,210.727415085,18.0120716095
2026-04-24_05:20:00.068034,210.555184,17.932537,210.925555229,18.012014389
2026-04-24_05:20:00.568818,210.55732,17.932299,210.936412811,18.012014389
2026-04-24_05:20:51.143776,210.768992,17.931748,211.138529778,18.0120716095
2026-04-24_05:20:51.644550,210.771009,17.931684,211.14938736,18.0120716095
2026-04-24_05:21:43.220935,210.986633,17.931412,211.356611252,18.0120716095
2026-04-24_05:21:43.721728,210.988703,17.931539,211.36756897,18.012014389
2026-04-24_05:22:36.800421,211.210854,17.931409,211.580543518,18.0120716095
2026-04-24_05:22:37.301132,211.21289,17.931337,211.5914011,18.0120716095
2026-04-24_05:23:30.880536,211.437053,17.930629,211.806149483,18.0120716095
2026-04-24_05:23:31.381277,211.439338,17.930688,211.817007065,18.0120716095
2026-04-24_05:24:26.462863,211.669278,17.930224,212.038435936,18.0120716095
2026-04-24_05:24:26.963636,211.671485,17.930324,212.049307823,18.0120716095
2026-04-24_05:24:29.467290,211.682254,17.930491,212.061009407,18.0120716095
2026-04-24_05:24:32.972538,211.696202,17.930633,212.072696686,18.0120716095
2026-04-24_05:24:35.976973,211.709281,17.93037,212.08439827,18.0120716095
2026-04-24_05:24:38.981441,211.721703,17.930236,212.095255852,18.0120716095
2026-04-24_05:24:42.486691,211.73656,17.930483,212.106113434,18.0120716095
2026-04-24_05:24:48.495526,211.761109,17.93051,212.130360603,18.0120716095
2026-04-24_05:24:48.996325,211.763088,17.930458,212.142047882,18.0120716095
2026-04-24_05:24:58.009657,211.800686,17.929975,212.170472145,18.0120716095
2026-04-24_05:24:58.510400,211.803161,17.930162,212.181329727,18.0120716095
2026-04-24_05:25:08.525195,211.84543,17.930246,212.214016914,18.012014389
2026-04-24_05:25:09.025999,211.847497,17.930089,212.225604057,18.0120716095
2026-04-24_05:25:20.042297,211.893361,17.930308,212.262482643,18.012014389
2026-04-24_05:25:20.543024,211.895571,17.930335,212.273340225,18.012014389
2026-04-24_05:25:32.060061,211.943243,17.930108,212.31262207,18.012014389
2026-04-24_05:25:32.560834,211.945842,17.929913,212.324209213,18.0120716095
2026-04-24_05:25:45.580156,211.999888,17.930019,212.36934185,18.0120716095
2026-04-24_05:25:46.080898,212.001947,17.930053,212.380199432,18.0120716095
2026-04-24_05:25:59.600957,212.058059,17.930462,212.427821159,18.0120716095
2026-04-24_05:26:00.101653,212.060469,17.930264,212.438693047,18.0120716095
2026-04-24_05:26:14.623149,212.121452,17.929858,212.490491867,18.0120716095
2026-04-24_05:26:15.123956,212.123621,17.929979,212.501449585,18.012014389
2026-04-24_05:26:30.646985,212.187952,17.929769,212.557339668,18.0120716095
2026-04-24_05:26:31.147686,212.189945,17.929822,212.569041252,18.0120716095
2026-04-24_05:26:48.172951,212.26164,17.929266,212.630023956,18.0120716095
2026-04-24_05:26:48.673674,212.264091,17.929402,212.641739845,18.0120716095
2026-04-24_05:27:06.700378,212.338897,17.929683,212.707743645,18.0120716095
2026-04-24_05:27:07.201116,212.340927,17.929364,212.719430923,18.0120716095
2026-04-24_05:27:26.229276,212.420698,17.929212,212.789726257,18.012014389
2026-04-24_05:27:26.730081,212.422948,17.929042,212.800498009,18.0120716095
2026-04-24_05:27:46.258983,212.504128,17.929628,212.873296738,18.012014389
2026-04-24_05:27:46.759767,212.506723,17.929532,212.884984016,18.012014389
2026-04-24_05:28:07.790951,212.594261,17.92946,212.963433266,18.0120716095
2026-04-24_05:28:08.291696,212.596775,17.929364,212.974290848,18.0120716095
2026-04-24_05:28:29.823618,212.68931,17.928265,213.059792519,18.0099391937
2026-04-24_05:28:30.324299,212.692425,17.927326,213.06620121,18.0118484497
2026-04-24_05:28:52.857698,212.783474,17.928906,213.15223217,18.0115852356
2026-04-24_05:28:53.358465,212.785455,17.929113,213.163933754,18.0115852356
2026-04-24_05:29:16.893340,213.887615,18.972207,214.240350723,19.0573215485
2026-04-24_05:29:17.394066,213.887974,18.972261,214.240078926,19.057472229
2026-04-24_05:29:42.431239,213.886309,18.972799,214.240250587,19.0573348999
2026-04-24_05:29:42.932006,213.886638,18.9724,214.240450859,19.0572605133
2026-04-24_05:30:08.970505,213.885627,18.972459,214.24050808,19.05727005
2026-04-24_05:30:09.471348,213.886243,18.972032,214.24050808,19.0572147369
2026-04-24_05:30:36.511369,213.886361,18.971811,214.240150452,19.0574378967
2026-04-24_05:30:37.012152,213.885552,18.972167,214.23995018,19.0575351715
2026-04-24_05:31:05.053712,213.885529,18.97239,214.240250587,19.0573863983
2026-04-24_05:31:05.554466,213.885597,18.972408,214.240036011,19.057472229
2026-04-24_05:31:34.597574,213.88614,18.972913,214.23989296,19.0575313568
2026-04-24_05:31:35.098268,213.885489,18.972956,214.239692688,19.0575771332
2026-04-24_05:32:04.642052,213.885078,18.973226,214.239749908,19.0576286316
2026-04-24_05:32:05.142775,213.884836,18.973291,214.239807129,19.057598114
2026-04-24_05:32:36.188817,213.885401,18.973099,214.239706993,19.0576686859
2026-04-24_05:32:36.689503,213.885406,18.97343,214.239692688,19.0576496124
2026-04-24_05:33:08.236316,213.884575,18.97299,214.240193367,19.0573596954
2026-04-24_05:33:08.737040,213.884195,18.972906,214.240293503,19.0572528839
2026-04-24_05:33:41.786000,213.884348,18.973262,214.239592552,19.0577087402
2026-04-24_05:33:42.286787,213.883353,18.973517,214.239664078,19.0576610565
2026-04-24_05:34:15.836432,213.88371,18.973386,214.239621162,19.0577468872
2026-04-24_05:34:16.337279,213.88344,18.973974,214.240136147,19.0574626923
2026-04-24_05:34:51.389181,213.883173,18.973451,214.240164757,19.0573997498
2026-04-24_05:34:51.889931,213.882927,18.973551,214.240164757,19.057477951
2026-04-24_05:35:27.442619,213.882771,18.973295,214.239935875,19.057554245
2026-04-24_05:35:27.943320,213.882381,18.973532,214.240121841,19.0574092865
2026-04-24_05:36:04.998299,213.881982,18.973604,214.239492416,19.0577888489
2026-04-24_05:36:05.499035,213.881679,18.973861,214.240236282,19.0573616028
2026-04-24_05:36:43.555364,213.88165,18.973725,214.23936367,19.0578861237
2026-04-24_05:36:44.056154,213.88104,18.974087,214.239878654,19.0575199127
2026-04-24_05:37:23.114087,213.880595,18.974024,214.240264893,19.0573387146
2026-04-24_05:37:23.614777,213.881281,18.973649,214.239935875,19.0574760437
2026-04-24_05:38:03.674120,213.880883,18.973421,214.23997879,19.057477951
2026-04-24_05:38:04.174907,213.880234,18.973645,214.239535332,19.0577831268
2026-04-24_05:38:45.235795,213.880155,18.973413,214.239678383,19.0576324463
2026-04-24_05:38:45.736520,213.879503,18.973529,214.240407944,19.0572910309
2026-04-24_05:39:27.798802,213.879934,18.973281,214.239778519,19.0576343536
2026-04-24_05:39:28.299574,213.879354,18.973746,214.240021706,19.0574626923
2026-04-24_05:40:11.363447,213.879208,18.973969,214.240107536,19.0574798584
2026-04-24_05:40:11.864176,213.87904,18.973974,214.239764214,19.057598114
2026-04-24_05:40:55.929467,213.878067,18.973484,214.240050316,19.0575122833
2026-04-24_05:40:56.430164,213.878092,18.973541,214.240179062,19.0574035645
2026-04-24_05:41:40.996205,213.877874,18.973714,214.240493774,19.0571918488
2026-04-24_05:41:41.497042,213.878274,18.973333,214.240279198,19.0573577881
2026-04-24_05:42:27.565305,213.877453,18.973805,214.240465164,19.0571899414
2026-04-24_05:42:28.066046,213.878261,18.973897,214.240407944,19.0571956635
2026-04-24_05:43:15.135799,213.876014,18.973286,214.240064621,19.0574092865
2026-04-24_05:43:15.636563,213.875947,18.973148,214.239850044,19.0575580597
2026-04-24_05:44:03.707744,213.875919,18.973135,214.23997879,19.0575122833
2026-04-24_05:44:04.208621,213.87571,18.97318,214.239993095,19.0575084686
2026-04-24_05:44:53.281254,213.875367,18.973326,214.240365028,19.0572566986
2026-04-24_05:44:53.782097,213.875168,18.97344,214.239592552,19.0578041077
2026-04-24_05:45:43.355536,213.874108,18.973824,214.240121841,19.0573577881
2026-04-24_05:45:43.856321,213.874709,18.973421,214.239563942,19.0577354431
2026-04-24_05:46:34.932124,213.873621,18.973363,214.240164757,19.0574169159
2026-04-24_05:46:35.432779,213.873868,18.973275,214.239835739,19.0576057434
2026-04-24_05:47:27.510033,213.873102,18.973466,214.240236282,19.0573482513
2026-04-24_05:47:28.010832,213.873104,18.973498,214.240365028,19.0572299957
2026-04-24_05:48:20.588822,213.872724,18.973738,214.240064621,19.0574607849
2026-04-24_05:48:21.089472,213.872587,18.973884,214.240179062,19.0573749542
2026-04-24_05:49:14.668946,213.872505,18.97444,214.239835739,19.0575904846
2026-04-24_05:49:15.169710,213.872816,18.974561,214.239878654,19.0575809479
2026-04-24_05:50:09.750613,213.871159,18.974852,214.240322113,19.0573062897
2026-04-24_05:50:10.251405,213.87173,18.974557,214.23995018,19.0575256348
2026-04-24_05:50:12.754994,213.871612,18.974134,214.239878654,19.0575618744
2026-04-24_05:50:15.759581,213.87128,18.97432,214.239864349,19.0576000214
2026-04-24_05:50:19.264747,213.871295,18.973942,214.240350723,19.0572681427
2026-04-24_05:50:22.769881,213.871213,18.974145,214.240293503,19.057346344
2026-04-24_05:50:25.774391,213.870687,18.974548,214.240164757,19.0573787689
2026-04-24_05:50:31.783324,213.870821,18.974409,214.239964485,19.0575618744
2026-04-24_05:50:32.284065,213.870698,18.974568,214.240150452,19.0573806763
2026-04-24_05:50:41.297418,213.870957,18.973997,214.239864349,19.0575866699
2026-04-24_05:50:41.798188,213.870722,18.974381,214.240121841,19.0574512482
2026-04-24_05:50:51.812964,213.870305,18.974143,214.240078926,19.057472229
2026-04-24_05:50:52.313756,213.87028,18.974206,214.240107536,19.0573959351
2026-04-24_05:51:03.330113,213.870236,18.973952,214.240221977,19.0574188232
2026-04-24_05:51:03.830827,213.870382,18.973849,214.240150452,19.0574035645
2026-04-24_05:51:15.848613,213.870027,18.973893,214.240307808,19.0572891235
2026-04-24_05:51:16.349353,213.870353,18.97363,214.239850044,19.0576515198
2026-04-24_05:51:29.368682,213.869702,18.973672,214.23992157,19.0575618744
2026-04-24_05:51:29.869428,213.869451,18.973744,214.239706993,19.057723999
2026-04-24_05:51:43.890177,213.869217,18.97369,214.23992157,19.0575523376
2026-04-24_05:51:44.390970,213.868953,18.97378,214.239935875,19.0574951172
2026-04-24_05:51:59.413177,213.869118,18.973391,214.239864349,19.0575904846
2026-04-24_05:51:59.913937,213.86893,18.973662,214.240021706,19.0574760437
2026-04-24_05:52:15.937700,213.868764,18.973434,214.23992157,19.0575866699
2026-04-24_05:52:16.438461,213.868505,18.973441,214.240078926,19.0574817657
2026-04-24_05:52:33.463734,213.868265,18.973578,214.239821434,19.0576057434
2026-04-24_05:52:33.964454,213.868226,18.973452,214.240221977,19.057384491
2026-04-24_05:52:51.991139,213.868253,18.973136,214.239463806,19.057844162
2026-04-24_05:52:52.491943,213.867667,18.973639,214.239792824,19.0575504303
2026-04-24_05:53:11.520148,213.867632,18.973452,214.240393639,19.0571880341
2026-04-24_05:53:12.020893,213.868114,18.973052,214.240307808,19.0573101044
2026-04-24_05:53:31.549850,213.866717,18.973621,214.240236282,19.0573978424
2026-04-24_05:53:32.050545,213.867484,18.973164,214.239864349,19.0576000214
2026-04-24_05:53:53.081758,213.86692,18.973298,214.240179062,19.0574207306
2026-04-24_05:53:53.582482,213.867081,18.973238,214.239878654,19.0575675964
2026-04-24_05:54:15.615243,213.866297,18.973416,214.240107536,19.0573940277
2026-04-24_05:54:16.115971,213.866514,18.973176,214.239864349,19.0576038361
2026-04-24_05:54:39.150038,213.866333,18.973362,214.239749908,19.0576667786
2026-04-24_05:54:39.650813,213.866483,18.973367,214.239835739,19.0575561523
2026-04-24_05:55:03.686506,213.866033,18.973429,214.240250587,19.0573482513
2026-04-24_05:55:04.187250,213.865965,18.973231,214.239764214,19.0577106476
2026-04-24_05:55:29.224346,213.865605,18.973223,214.239935875,19.0575027466
2026-04-24_05:55:29.725204,213.865215,18.973447,214.239678383,19.0577659607
2026-04-24_05:55:55.763747,213.865088,18.973024,214.240136147,19.0574207306
2026-04-24_05:55:56.264401,213.864828,18.973124,214.23995018,19.0575351715
2026-04-24_05:56:22.803797,213.86419,18.972719,214.240050316,19.057466507
2026-04-24_05:56:23.304504,213.863906,18.972922,214.240236282,19.0573120117
2026-04-24_05:56:51.346059,213.863574,18.972489,214.240336418,19.0572547913
2026-04-24_05:56:51.846809,213.863784,18.972553,214.23989296,19.0575523376
2026-04-24_05:57:20.389191,213.862758,18.972999,214.240136147,19.0574321747
2026-04-24_05:57:20.889947,213.863291,18.972705,214.240121841,19.0574035645
2026-04-24_05:57:50.934462,213.862257,18.972762,214.240336418,19.0572967529
2026-04-24_05:57:51.435201,213.862746,18.972495,214.240436554,19.0571498871
2026-04-24_05:58:22.481260,213.862231,18.97209,214.239964485,19.0574913025
2026-04-24_05:58:22.982001,213.861771,18.972367,214.239993095,19.0575027466
2026-04-24_05:58:55.029486,213.860969,18.97254,214.240465164,19.0571651459
2026-04-24_05:58:55.530249,213.861365,18.972408,214.240179062,19.057352066
2026-04-24_05:59:28.078485,213.860087,18.972842,214.240322113,19.0572032928
2026-04-24_05:59:28.579255,213.860928,18.972166,214.240336418,19.0572319031
2026-04-24_06:00:02.629717,213.85973,18.972701,214.240322113,19.0572319031
2026-04-24_06:00:03.130464,213.860252,18.972134,214.240078926,19.0574588776
2026-04-24_06:00:38.182410,213.85909,18.972381,214.239807129,19.0576610565
2026-04-24_06:00:38.683162,213.858797,18.972619,214.240250587,19.0573196411
2026-04-24_06:01:14.736647,213.858207,18.972214,214.240093231,19.0574226379
2026-04-24_06:01:15.237375,213.857776,18.97159,214.240107536,19.0574970245
2026-04-24_06:01:52.292289,213.858,18.972289,214.240036011,19.0575065613
2026-04-24_06:01:52.792998,213.857392,18.971825,214.239878654,19.0576457977
2026-04-24_06:02:30.849487,213.856928,18.97233,214.240193367,19.0573654175
2026-04-24_06:02:31.350176,213.856742,18.971495,214.239864349,19.057598114
2026-04-24_06:03:10.408062,213.855956,18.972398,214.240007401,19.0575237274
2026-04-24_06:03:10.908811,213.856286,18.972337,214.23989296,19.0575847626
2026-04-24_06:03:50.968254,213.855919,18.972015,214.240136147,19.0573863983
2026-04-24_06:03:51.469015,213.855587,18.972198,214.23989296,19.0575408936
2026-04-24_06:04:32.529848,213.854889,18.972062,214.240150452,19.0573673248
2026-04-24_06:04:33.030616,213.85481,18.97189,214.239821434,19.0575828552
2026-04-24_06:05:15.093009,213.85341,18.972647,214.239964485,19.0574913025
2026-04-24_06:05:15.593763,213.853343,18.972524,214.240036011,19.0574588776
2026-04-24_06:05:58.657609,213.85242,18.971627,214.240436554,19.0571136475
2026-04-24_06:05:59.158310,213.852636,18.971682,214.240365028,19.0572528839
2026-04-24_06:06:42.722890,213.851364,18.971648,214.240207672,19.0572681427
2026-04-24_06:06:43.223730,213.851646,18.971411,214.240221977,19.0573539734
2026-04-24_06:07:28.290494,213.850343,18.971613,214.239621162,19.057800293
2026-04-24_06:07:28.791176,213.849768,18.971908,214.239735603,19.0577125549
2026-04-24_06:08:14.859534,213.848323,18.971975,214.239993095,19.0575199127
2026-04-24_06:08:15.360256,213.848567,18.971785,214.240250587,19.0573062897
2026-04-24_06:09:02.430095,213.847429,18.971654,214.240293503,19.0572891235
2026-04-24_06:09:02.930947,213.848028,18.971131,214.240465164,19.0571746826
2026-04-24_06:09:51.002187,213.846979,18.971067,214.240121841,19.0573959351
2026-04-24_06:09:51.502863,213.84674,18.97102,214.240093231,19.0573863983
2026-04-24_06:10:40.575767,213.846025,18.971406,214.240336418,19.0572662354
2026-04-24_06:10:41.076496,213.846257,18.971411,214.240264893,19.0572929382
2026-04-24_06:11:31.150789,213.844916,18.971143,214.240121841,19.057346344
2026-04-24_06:11:31.651511,213.844595,18.971067,214.240078926,19.0574550629
2026-04-24_06:12:22.727344,213.843416,18.971098,214.240307808,19.0572052002
2026-04-24_06:12:23.228058,213.843464,18.971106,214.240336418,19.0573005676
2026-04-24_06:13:15.305278,213.841641,18.970823,214.239635468,19.0578231812
2026-04-24_06:13:15.806074,213.841222,18.971084,214.239578247,19.0578460693
2026-04-24_06:14:08.884804,213.840027,18.970611,214.239506721,19.0578899384
2026-04-24_06:14:09.385521,213.839569,18.971155,214.239664078,19.0577640533
2026-04-24_06:15:02.965057,213.838847,18.970612,214.239592552,19.0577983856
2026-04-24_06:15:03.465767,213.838434,18.971007,214.239706993,19.0576725006
2026-04-24_06:15:58.547469,213.837027,18.970722,214.240164757,19.0573883057
2026-04-24_06:15:59.048201,213.837122,18.970586,214.240179062,19.0573406219
2026-04-24_06:16:02.052655,213.837151,18.970645,214.240107536,19.0573577881
2026-04-24_06:16:05.057148,213.837037,18.970612,214.239964485,19.057477951
2026-04-24_06:16:08.562332,213.836645,18.97082,214.239964485,19.0575656891
2026-04-24_06:16:12.067523,213.836774,18.970373,214.239850044,19.0576839447
2026-04-24_06:16:15.071993,213.836855,18.970527,214.239778519,19.0577335358
2026-04-24_06:16:18.577202,213.836389,18.970572,214.239792824,19.0577087402
2026-04-24_06:16:25.086897,213.836176,18.970426,214.240207672,19.0573234558
2026-04-24_06:16:25.587622,213.836461,18.970254,214.240150452,19.057384491
2026-04-24_06:16:35.101737,213.835574,18.970672,214.239678383,19.0577392578
2026-04-24_06:16:35.602488,213.835508,18.970755,214.23995018,19.0575370789
2026-04-24_06:16:46.118081,213.835005,18.970785,214.23992157,19.0575027466
2026-04-24_06:16:46.618813,213.835076,18.970687,214.240121841,19.0573940277
2026-04-24_06:16:58.135881,213.835121,18.970515,214.240307808,19.0572986603
2026-04-24_06:16:58.636629,213.835222,18.970304,214.240393639,19.0572223663
2026-04-24_06:17:10.654419,213.834305,18.970722,214.239792824,19.0576858521
2026-04-24_06:17:11.155191,213.834303,18.970578,214.239621162,19.0577106476
2026-04-24_06:17:24.675273,213.834017,18.970609,214.239807129,19.0576667786
2026-04-24_06:17:25.175995,213.833794,18.970876,214.239606857,19.0577774048
2026-04-24_06:17:39.697570,213.834421,18.970091,214.239907265,19.0575428009
2026-04-24_06:17:40.198347,213.833608,18.970251,214.23992157,19.057598114
2026-04-24_06:17:55.721311,213.833585,18.969945,214.240293503,19.0572109222
2026-04-24_06:17:56.222046,213.833451,18.969754,214.24062252,19.0569972992
2026-04-24_06:18:12.746577,213.833192,18.968598,214.240164757,19.0573577881
2026-04-24_06:18:13.247291,213.833217,18.968737,214.240207672,19.0573253632
2026-04-24_06:18:30.272583,213.832449,18.969215,214.240093231,19.0574054718
2026-04-24_06:18:30.773290,213.832529,18.969075,214.23989296,19.0575675964
2026-04-24_06:18:49.300773,213.831849,18.969118,214.239835739,19.0576934814
2026-04-24_06:18:49.801523,213.831834,18.969077,214.239635468,19.0577487946
2026-04-24_06:19:08.829786,213.831499,18.968962,214.240050316,19.057477951
2026-04-24_06:19:09.330501,213.831706,18.968601,214.240050316,19.057466507
2026-04-24_06:19:29.860913,213.831234,18.968513,214.239850044,19.0576343536
2026-04-24_06:19:30.361748,213.830891,18.968891,214.239993095,19.0575046539
2026-04-24_06:19:51.893617,213.830638,18.968747,214.239764214,19.0577297211
2026-04-24_06:19:52.394351,213.830229,18.969009,214.239850044,19.0576667786
2026-04-24_06:20:14.927768,213.829655,18.968178,214.240279198,19.0573291779
2026-04-24_06:20:15.428512,213.829891,18.968034,214.240293503,19.0572490692
2026-04-24_06:20:38.462634,213.828772,18.968068,214.239635468,19.0577888489
2026-04-24_06:20:38.963431,213.828466,18.968431,214.239935875,19.0575885773
2026-04-24_06:21:03.499770,213.828832,18.967881,214.239649773,19.0578022003
2026-04-24_06:21:04.000547,213.828073,18.968687,214.240064621,19.0574226379
2026-04-24_06:21:29.538450,213.827576,18.968355,214.239821434,19.0575828552
2026-04-24_06:21:30.039292,213.827162,18.968318,214.239993095,19.0574684143
2026-04-24_06:21:56.578537,213.826438,18.96792,214.239807129,19.0576953888
2026-04-24_06:21:57.079353,213.826348,18.968181,214.239993095,19.0574512482
2026-04-24_06:22:24.620189,213.82516,18.968474,214.240064621,19.0574607849
2026-04-24_06:22:25.120950,213.825412,18.968255,214.240350723,19.0572414398
2026-04-24_06:22:53.663225,213.824087,18.96826,214.240093231,19.0574951172
2026-04-24_06:22:54.164055,213.82413,18.968209,214.239807129,19.0577220917
2026-04-24_06:23:23.207077,213.822944,18.96814,214.240179062,19.0573730469
2026-04-24_06:23:23.707856,213.823574,18.967913,214.240036011,19.0575046539
2026-04-24_06:23:53.752421,213.822215,18.967984,214.239749908,19.0577354431
2026-04-24_06:23:54.253156,213.822003,18.9682,214.239606857,19.0577392578
2026-04-24_06:24:25.299206,213.821043,18.968053,214.240121841,19.0574131012
2026-04-24_06:24:25.799980,213.821446,18.967821,214.240193367,19.0573425293
2026-04-24_06:24:58.348289,213.820483,18.967439,214.239821434,19.0576858521
2026-04-24_06:24:58.849078,213.819783,18.967962,214.240221977,19.0572547913
2026-04-24_06:25:31.898099,213.819173,18.967868,214.240179062,19.057302475
2026-04-24_06:25:32.398736,213.819031,18.967972,214.240293503,19.0572071075
2026-04-24_06:26:06.950102,213.817386,18.967987,214.240236282,19.0573005676
2026-04-24_06:26:07.450769,213.817442,18.967861,214.240293503,19.0572395325
2026-04-24_06:26:43.003622,213.816266,18.968054,214.240336418,19.0572242737
2026-04-24_06:26:43.504325,213.816313,18.967778,214.240450859,19.0571193695
2026-04-24_06:27:20.058606,213.814548,18.96809,214.240279198,19.0572929382
2026-04-24_06:27:20.559319,213.814756,18.967712,214.240150452,19.0573883057
2026-04-24_06:27:58.115085,213.813321,18.96815,214.239878654,19.0576171875
2026-04-24_06:27:58.615778,213.813391,18.968085,214.23995018,19.0575637817
2026-04-24_06:28:37.173051,213.812123,18.96775,214.239850044,19.0576248169
2026-04-24_06:28:37.673754,213.81173,18.967741,214.239807129,19.0576648712
2026-04-24_06:29:16.731702,213.810315,18.968116,214.23995018,19.0575275421
2026-04-24_06:29:17.232456,213.810218,18.967979,214.239864349,19.0575904846
2026-04-24_06:29:57.291842,213.808804,18.968016,214.239964485,19.0575504303
2026-04-24_06:29:57.792513,213.808917,18.968164,214.240007401,19.0575065613
2026-04-24_06:30:39.354223,213.807193,18.968364,214.239964485,19.0575523376
2026-04-24_06:30:39.855043,213.807155,18.968281,214.240078926,19.0574741364
2026-04-24_06:31:22.418180,213.806045,18.967801,214.240050316,19.0576343536
2026-04-24_06:31:22.918945,213.805588,18.96826,214.240007401,19.0574951172
2026-04-24_06:32:06.483544,213.804088,18.968515,214.240407944,19.0571041107
2026-04-24_06:32:06.984282,213.804182,18.968333,214.240393639,19.0571174622
2026-04-24_06:32:51.049724,213.802195,18.968788,214.240207672,19.0573272705
2026-04-24_06:32:51.550433,213.802386,18.968559,214.240050316,19.0574893951
2026-04-24_06:33:36.617371,213.800425,18.968668,214.240493774,19.056968689
2026-04-24_06:33:37.118089,213.80075,18.968239,214.240279198,19.0571899414
2026-04-24_06:34:23.687195,213.798146,18.969286,214.240121841,19.057346344
2026-04-24_06:34:24.187974,213.798177,18.968947,214.239964485,19.0576019287
2026-04-24_06:35:11.758504,213.796721,18.968814,214.23992157,19.0575637817
2026-04-24_06:35:12.259284,213.796358,18.969099,214.240336418,19.0571994781
2026-04-24_06:36:00.330627,213.794184,18.968976,214.240093231,19.0574531555
2026-04-24_06:36:00.831375,213.794361,18.968815,214.239649773,19.057888031
2026-04-24_06:36:50.404864,213.792174,18.969124,214.240050316,19.0575199127
2026-04-24_06:36:50.905633,213.792699,18.968714,214.239749908,19.0577411652
2026-04-24_06:37:40.979984,213.790456,18.968847,214.240350723,19.0571689606
2026-04-24_06:37:41.480801,213.790717,18.968621,214.240064621,19.0574741364
2026-04-24_06:38:33.057280,213.78888,18.968821,214.240136147,19.0573616028
2026-04-24_06:38:33.557996,213.788876,18.969036,214.240207672,19.057264328
2026-04-24_06:39:26.136062,213.786187,18.968418,214.23995018,19.0576229095
2026-04-24_06:39:26.636780,213.78639,18.968878,214.240221977,19.0572490692
2026-04-24_06:40:20.216351,213.783684,18.969145,214.240193367,19.0572872162
2026-04-24_06:40:20.717004,213.784079,18.968826,214.239778519,19.0577716827
2026-04-24_06:41:15.298064,213.78175,18.969489,214.240036011,19.0574588776
2026-04-24_06:41:15.798693,213.781722,18.969382,214.239664078,19.0579319
2026-04-24_06:42:11.381275,213.778953,18.970122,214.240279198,19.0571632385
2026-04-24_06:42:11.881982,213.779515,18.969497,214.239807129,19.0577602386
2026-04-24_06:42:14.385639,213.778849,18.970027,214.240021706,19.0574970245
2026-04-24_06:42:17.890889,213.778712,18.970196,214.239850044,19.0576992035
2026-04-24_06:42:20.895337,213.778715,18.970016,214.239621162,19.0579833984
2026-04-24_06:42:23.899758,213.778585,18.969768,214.240522385,19.0569610596
2026-04-24_06:42:27.404956,213.778304,18.970091,214.240064621,19.0574817657
2026-04-24_06:42:30.409474,213.778681,18.969489,214.239592552,19.0579910278
2026-04-24_06:42:36.418417,213.777668,18.969961,214.240107536,19.0574531555
2026-04-24_06:42:36.919167,213.777894,18.969443,214.239678383,19.0578842163
2026-04-24_06:42:46.433303,213.777292,18.970058,214.240007401,19.0575370789
2026-04-24_06:42:46.933975,213.777402,18.969811,214.239807129,19.057762146
2026-04-24_06:42:57.449708,213.777202,18.970255,214.240078926,19.0573806763
2026-04-24_06:42:57.950378,213.777307,18.969839,214.239964485,19.0575675964
2026-04-24_06:43:09.467483,213.776483,18.970215,214.23989296,19.0576477051
2026-04-24_06:43:09.968171,213.776616,18.97029,214.239935875,19.0576114655
2026-04-24_06:43:21.986052,213.776127,18.970348,214.240007401,19.0575065613
2026-04-24_06:43:22.486765,213.77628,18.970442,214.240179062,19.0573234558
2026-04-24_06:43:36.006824,213.775568,18.970504,214.239721298,19.0578155518
2026-04-24_06:43:36.507600,213.775252,18.970593,214.239964485,19.0575561523
2026-04-24_06:43:51.029140,213.775088,18.970473,214.240350723,19.0570793152
2026-04-24_06:43:51.529885,213.775298,18.970261,214.240250587,19.0572433472
2026-04-24_06:44:07.052864,213.773494,18.970651,214.239864349,19.0576515198
2026-04-24_06:44:07.553618,213.77367,18.970392,214.239592552,19.0579814911
2026-04-24_06:44:24.078194,213.772548,18.970849,214.239935875,19.0576286316
2026-04-24_06:44:24.578942,213.772717,18.970438,214.239578247,19.0580539703
2026-04-24_06:44:41.604189,213.771999,18.969615,214.240393639,19.0570220947
2026-04-24_06:44:42.104898,213.772398,18.96917,214.239749908,19.0578727722
2026-04-24_06:45:00.632414,213.771286,18.969346,214.239935875,19.057636261
2026-04-24_06:45:01.133148,213.770977,18.969591,214.239850044,19.0576839447
2026-04-24_06:45:20.662072,213.770398,18.969709,214.239964485,19.0575885773
2026-04-24_06:45:21.162866,213.770347,18.969835,214.239864349,19.0576877594
2026-04-24_06:45:41.693341,213.768668,18.969703,214.23997879,19.057559967
2026-04-24_06:45:42.194116,213.768931,18.969356,214.239864349,19.0576629639
2026-04-24_06:46:03.725999,213.767782,18.969947,214.239964485,19.057592392
2026-04-24_06:46:04.226778,213.768285,18.969314,214.239792824,19.0577049255
2026-04-24_06:46:26.259425,213.766986,18.968974,214.239649773,19.0579776764
2026-04-24_06:46:26.760219,213.766372,18.969868,214.240522385,19.0568618774
2026-04-24_06:46:50.295118,213.7664,18.968745,214.240365028,19.0570716858
2026-04-24_06:46:50.795905,213.765995,18.968746,214.240407944,19.0570411682
2026-04-24_06:47:15.332369,213.76471,18.969242,214.239835739,19.0577697754
2026-04-24_06:47:15.833073,213.764465,18.969574,214.240250587,19.0571727753
2026-04-24_06:47:41.371034,213.763643,18.969376,214.239964485,19.0575733185
2026-04-24_06:47:41.871723,213.763531,18.969626,214.23995018,19.0575962067
2026-04-24_06:48:07.910415,213.76274,18.969027,214.240179062,19.0573177338
2026-04-24_06:48:08.411135,213.762505,18.968924,214.240050316,19.0574474335
2026-04-24_06:48:35.952031,213.761429,18.969283,214.240078926,19.0574474335
2026-04-24_06:48:36.452840,213.761436,18.969055,214.239907265,19.057641983
2026-04-24_06:49:04.995109,213.759841,18.969973,214.239964485,19.0575466156
2026-04-24_06:49:05.495807,213.759952,18.96959,214.239735603,19.057882309
2026-04-24_06:49:35.039713,213.758855,18.969212,214.240350723,19.0570755005
2026-04-24_06:49:35.540424,213.758527,18.96942,214.239964485,19.057554245
2026-04-24_06:50:05.585010,213.756895,18.969716,214.240193367,19.0572681427
2026-04-24_06:50:06.085741,213.757377,18.969311,214.240021706,19.0575294495
2026-04-24_06:50:37.632484,213.755588,18.969144,214.23995018,19.057598114
2026-04-24_06:50:38.133268,213.755327,18.970192,214.240221977,19.057226181
2026-04-24_06:51:10.681596,213.753416,18.969719,214.240407944,19.0569229126
2026-04-24_06:51:11.182251,213.753566,18.969449,214.239907265,19.0576534271
2026-04-24_06:51:44.732053,213.751191,18.970168,214.240150452,19.0573291779
2026-04-24_06:51:45.232816,213.750997,18.970455,214.240164757,19.0572605133
2026-04-24_06:52:19.784076,213.749212,18.971737,214.239850044,19.0577831268
2026-04-24_06:52:20.284777,213.749328,18.97166,214.240193367,19.057258606
2026-04-24_06:52:55.837516,213.746797,18.971466,214.240050316,19.0574760437
2026-04-24_06:52:56.338270,213.747118,18.971762,214.240050316,19.0574169159
2026-04-24_06:53:32.892529,213.744465,18.971763,214.239935875,19.0576229095
2026-04-24_06:53:33.393217,213.744722,18.971626,214.240322113,19.0570468903
2026-04-24_06:54:10.448222,213.742985,18.972189,214.240179062,19.0571746826
2026-04-24_06:54:10.948979,213.742938,18.972087,214.239821434,19.0577659607
2026-04-24_06:54:49.005471,213.740037,18.972977,214.239935875,19.0576705933
2026-04-24_06:54:49.506166,213.740177,18.973029,214.240050316,19.0574474335
2026-04-24_06:55:29.064844,213.738306,18.973366,214.23997879,19.0575485229
2026-04-24_06:55:29.565536,213.738098,18.973334,214.239935875,19.057559967
2026-04-24_06:56:09.625042,213.735325,18.974057,214.240050316,19.0574321747
2026-04-24_06:56:10.125839,213.735255,18.973166,214.23992157,19.0576972961
2026-04-24_06:56:51.186678,213.732739,18.97458,214.240393639,19.0569152832
2026-04-24_06:56:51.687381,213.732562,18.973949,214.239807129,19.057844162
2026-04-24_06:57:33.749954,213.729254,18.974368,214.239964485,19.0575466156
2026-04-24_06:57:34.250630,213.728984,18.974943,214.240121841,19.0573558807
2026-04-24_06:58:17.815243,213.727252,18.97602,214.239721298,19.0580368042
2026-04-24_06:58:18.315960,213.725822,18.976151,214.239993095,19.0575199127
2026-04-24_06:59:02.882059,213.72366,18.976686,214.239778519,19.0578956604
2026-04-24_06:59:03.382754,213.723871,18.977603,214.239835739,19.0577411652
2026-04-24_06:59:48.950406,213.720982,18.977347,214.239621162,19.0580825806
2026-04-24_06:59:49.451131,213.720422,18.977839,214.240093231,19.0573730469
2026-04-24_07:00:36.020206,213.717921,18.97868,214.239835739,19.0578384399
2026-04-24_07:00:36.520942,213.717767,18.979322,214.239935875,19.0576534271
2026-04-24_07:01:24.091451,213.714879,18.980565,214.239850044,19.0578689575
2026-04-24_07:01:24.592284,213.714961,18.980469,214.240136147,19.0572471619
2026-04-24_07:02:13.164248,213.711545,18.982002,214.23995018,19.0576400757
2026-04-24_07:02:13.664992,213.711636,18.981393,214.240193367,19.0571842194
2026-04-24_07:03:03.238601,213.708456,18.982599,214.240136147,19.057264328
2026-04-24_07:03:03.739332,213.708663,18.982164,214.240422249,19.0567455292
2026-04-24_07:03:54.815044,213.705696,18.983455,214.240322113,19.0568675995
2026-04-24_07:03:55.315855,213.705658,18.982887,214.239935875,19.0576648712
2026-04-24_07:04:46.892354,213.701524,18.984379,214.240150452,19.057220459
2026-04-24_07:04:47.393055,213.701103,18.983948,214.240207672,19.0572128296
2026-04-24_07:05:39.971057,213.697026,18.986246,214.240193367,19.0571632385
2026-04-24_07:05:40.471773,213.697166,18.98548,214.240207672,19.0570678711
2026-04-24_07:06:34.051350,213.693241,18.987894,214.239993095,19.0576438904
2026-04-24_07:06:34.552036,213.693082,18.98791,214.23989296,19.0577487946
2026-04-24_07:07:29.133098,213.689068,18.988859,214.240236282,19.0569133759
2026-04-24_07:07:29.633859,213.689038,18.98863,214.240150452,19.0571479797
2026-04-24_07:08:25.216342,212.790348,21.587317,213.337769508,21.6652488708
2026-04-24_07:08:25.717126,212.792453,21.587209,213.349471092,21.6652488708
2026-04-24_07:08:28.721516,212.805034,21.587578,213.36104393,21.6655044556
2026-04-24_07:08:31.725982,212.817525,21.588002,213.372788429,21.6654186249
2026-04-24_07:08:35.231160,212.831885,21.587556,213.385362625,21.6653347015
2026-04-24_07:08:38.736373,212.847131,21.587308,213.397936821,21.6652488708
2026-04-24_07:08:42.241601,212.861376,21.58703,213.410453796,21.6653423309
2026-04-24_07:08:48.250555,212.886853,21.58685,213.433856964,21.6652488708
2026-04-24_07:08:48.751315,212.8888,21.586857,213.445558548,21.6652488708
2026-04-24_07:08:57.764620,212.926314,21.586997,213.473968506,21.6652488708
2026-04-24_07:08:58.265477,212.928529,21.586984,213.48567009,21.6652488708
2026-04-24_07:09:08.280248,212.970209,21.586915,213.517384529,21.6653347015
2026-04-24_07:09:08.780998,212.972489,21.587006,213.529114723,21.6652488708
2026-04-24_07:09:19.797357,213.018254,21.586961,213.565850258,21.6653347015
2026-04-24_07:09:20.298081,213.020345,21.586897,213.577537537,21.6653347015
2026-04-24_07:09:32.315934,213.070723,21.586676,213.617649078,21.6653347015
2026-04-24_07:09:32.816670,213.072865,21.586664,213.629350662,21.6653347015
2026-04-24_07:09:45.836100,212.640352,21.502807,213.186964989,21.5711021423
2026-04-24_07:09:46.336668,212.628713,21.498607,213.175020218,21.566778183
2026-04-24_07:10:00.357553,212.61457,21.495253,213.17463398,21.5667610168
2026-04-24_07:10:00.858254,212.614363,21.495175,213.174448013,21.5672264099
2026-04-24_07:10:15.880614,212.612988,21.495576,213.174533844,21.567117691
2026-04-24_07:10:16.381220,212.612528,21.496066,213.174777031,21.5663719177
2026-04-24_07:10:31.904305,212.611248,21.49665,213.174548149,21.5669555664
2026-04-24_07:10:32.405101,212.611087,21.496195,213.174448013,21.5671730042
2026-04-24_07:10:49.430347,212.610104,21.496175,213.174848557,21.5661525726
2026-04-24_07:10:49.931091,212.609765,21.496377,213.174819946,21.5662269592
2026-04-24_07:11:07.957843,212.607863,21.497808,213.174834251,21.5661869049
2026-04-24_07:11:08.458594,212.607942,21.497309,213.17466259,21.5666637421
2026-04-24_07:11:26.986011,212.605593,21.498893,213.1746912,21.5665359497
2026-04-24_07:11:27.486823,212.605374,21.498828,213.181943893,21.5663604736
2026-04-24_07:11:47.516543,212.686102,21.497318,213.256516457,21.5661354065
2026-04-24_07:11:48.017408,212.688289,21.497404,213.280506134,21.5687866211
2026-04-24_07:12:09.048493,213.670772,18.989269,214.240207672,19.057062149
2026-04-24_07:12:09.549205,213.670583,18.989196,214.240050316,19.0574054718
2026-04-24_07:12:31.581951,213.668703,18.991144,214.240078926,19.0572814941
2026-04-24_07:12:32.082608,213.668702,18.990826,214.240021706,19.0575199127
2026-04-24_07:12:55.116807,213.666933,18.992109,214.240150452,19.0571079254
2026-04-24_07:12:55.617529,213.666939,18.991618,214.240093231,19.0572681427
2026-04-24_07:13:19.653248,213.665144,18.992944,214.240179062,19.057050705
2026-04-24_07:13:20.153990,213.665097,18.992517,214.240036011,19.0575885773
2026-04-24_07:13:45.191117,213.662639,18.994458,214.23997879,19.0576000214
2026-04-24_07:13:45.691865,213.662735,18.994426,214.240107536,19.0572738647
2026-04-24_07:14:11.730463,213.660268,18.995507,214.239907265,19.0579242706
2026-04-24_07:14:12.231344,213.659965,18.995791,214.240050316,19.0574550629
2026-04-24_07:14:39.772129,213.657386,18.9963,214.240150452,19.0570774078
2026-04-24_07:14:40.272945,213.657674,18.996321,214.240050316,19.0575714111
2026-04-24_07:15:08.314458,213.655404,18.998396,214.239993095,19.0576324463
2026-04-24_07:15:08.815210,213.65538,18.998565,214.240164757,19.0571155548
2026-04-24_07:15:38.359075,213.653086,18.9992,214.240150452,19.0571060181
2026-04-24_07:15:38.859822,213.653027,18.999403,214.240050316,19.0574569702
2026-04-24_07:16:09.405116,213.650564,19.001387,214.240036011,19.0574607849
2026-04-24_07:16:09.905849,213.650649,19.001263,214.239993095,19.0576000214
2026-04-24_07:16:41.452673,213.648337,19.002715,214.240021706,19.057636261
2026-04-24_07:16:41.953449,213.648205,19.003126,214.240150452,19.0569953918
2026-04-24_07:17:14.001001,213.645816,19.004145,214.240150452,19.0571193695
2026-04-24_07:17:14.501776,213.645888,19.003993,214.23997879,19.0578231812
2026-04-24_07:17:47.550679,213.642691,19.006119,214.23995018,19.0577697754
2026-04-24_07:17:48.051433,213.642617,19.006409,214.240164757,19.0570316315
2026-04-24_07:18:22.602675,213.639807,19.007581,214.240164757,19.0570411682
2026-04-24_07:18:23.103456,213.63995,19.007634,214.23995018,19.0578632355
2026-04-24_07:18:58.656129,213.63702,19.009489,214.23997879,19.0577316284
2026-04-24_07:18:59.156868,213.636898,19.010042,214.240136147,19.0569953918
2026-04-24_07:19:35.210465,213.633832,19.012452,214.239878654,19.0582885742
2026-04-24_07:19:35.711219,213.633719,19.012812,214.240093231,19.0571517944
2026-04-24_07:20:12.766093,213.631004,19.013582,214.23992157,19.0580615997
2026-04-24_07:20:13.266869,213.630766,19.014511,214.240121841,19.0570354462
2026-04-24_07:20:51.323257,213.627782,19.015485,214.240107536,19.0572490692
2026-04-24_07:20:51.824013,213.627662,19.015901,214.240064621,19.0574169159
2026-04-24_07:21:31.382650,213.62465,19.018041,214.240093231,19.0571842194
2026-04-24_07:21:31.883397,213.624668,19.017916,214.240050316,19.0575561523
2026-04-24_07:22:11.942825,213.621419,19.01972,214.240121841,19.0569801331
2026-04-24_07:22:12.443615,213.621586,19.019785,214.239993095,19.0577793121
2026-04-24_07:22:53.504462,213.618173,19.022593,214.240093231,19.057100296
2026-04-24_07:22:54.005221,213.618073,19.022416,214.240007401,19.0577259064
2026-04-24_07:23:36.067573,213.61431,19.025464,214.240021706,19.0576782227
2026-04-24_07:23:36.568307,213.614328,19.025439,214.240093231,19.057220459
2026-04-24_07:24:19.632212,213.611001,19.027168,214.240050316,19.0572452545
2026-04-24_07:24:20.132872,213.611282,19.027347,214.239964485,19.0580406189
2026-04-24_07:25:04.198311,213.607548,19.030136,214.240007401,19.0574684143
2026-04-24_07:25:04.699052,213.607484,19.030113,214.240036011,19.0576152802
2026-04-24_07:25:49.765909,213.603865,19.032875,214.240036011,19.0573177338
2026-04-24_07:25:50.266658,213.60376,19.032813,214.239993095,19.057926178
2026-04-24_07:26:36.835686,213.600624,19.035794,214.240064621,19.0572547913
2026-04-24_07:26:37.336518,213.600584,19.035915,214.240036011,19.0578956604
2026-04-24_07:27:24.906981,213.597092,19.039047,214.240078926,19.057308197
2026-04-24_07:27:25.407700,213.596896,19.038691,214.240050316,19.0572490692
2026-04-24_07:28:13.479011,213.593824,19.042353,214.240036011,19.0576381683
2026-04-24_07:28:13.979700,213.593704,19.04227,214.240064621,19.0571517944
2026-04-24_07:29:03.052577,213.590174,19.045523,214.240036011,19.0574016571
2026-04-24_07:29:03.553301,213.59,19.045565,214.240064621,19.0573444366
2026-04-24_07:29:53.627557,213.586772,19.048112,214.240050316,19.0571861267
2026-04-24_07:29:54.128289,213.586715,19.048256,214.240050316,19.0575122833
2026-04-24_07:30:45.704795,213.582575,19.052679,214.240050316,19.0576705933
2026-04-24_07:30:46.205523,213.582961,19.052982,214.240036011,19.0576534271
2026-04-24_07:31:38.282822,213.579197,19.056835,214.240050316,19.0576190948
2026-04-24_07:31:38.783594,213.579503,19.056798,214.240036011,19.0578041077
2026-04-24_07:32:31.862268,213.575888,19.060192,214.240036011,19.0573482513
2026-04-24_07:32:32.363023,213.575803,19.06036,214.240050316,19.0575027466
2026-04-24_07:33:26.443249,213.571909,19.064015,214.240050316,19.0575428009
2026-04-24_07:33:26.944029,213.571949,19.064029,214.240021706,19.0573635101
2026-04-24_07:34:22.526438,213.568026,19.068013,214.240036011,19.0574970245
2026-04-24_07:34:23.027115,213.567965,19.068016,214.240036011,19.0574645996
2026-04-24_07:34:23.027115,213.567864,19.068324,214.240007401,19.0572166443
2026-04-24_07:34:29.036072,213.567666,19.068173,214.240050316,19.0576877594
2026-04-24_07:34:32.040500,213.567681,19.068638,214.240036011,19.0574512482
2026-04-24_07:34:35.545725,213.567058,19.068676,214.240107536,19.0575714111
2026-04-24_07:34:39.050864,213.566699,19.069237,214.240064621,19.0575847626
2026-04-24_07:34:42.055405,213.566254,19.069019,214.240078926,19.0572986603
2026-04-24_07:34:48.565059,213.565752,19.069885,214.240064621,19.0574932098
2026-04-24_07:34:49.065807,213.565715,19.070007,214.240050316,19.0576820374
2026-04-24_07:34:58.579866,213.565559,19.070403,214.240021706,19.0573863983
2026-04-24_07:34:59.080670,213.56549,19.070474,214.240021706,19.0575180054
2026-04-24_07:35:09.596260,213.564977,19.071752,214.240078926,19.0576457977
2026-04-24_07:35:10.096996,213.564844,19.071824,214.240064621,19.0576286316
2026-04-24_07:35:21.614116,213.563966,19.072509,214.240050316,19.0575180054
2026-04-24_07:35:22.114795,213.563969,19.072574,214.240036011,19.0575790405
2026-04-24_07:35:34.633406,213.563369,19.073672,214.240007401,19.0575332642
2026-04-24_07:35:35.134218,213.563298,19.073861,214.240050316,19.0576305389
2026-04-24_07:35:48.654196,213.5626,19.074434,214.240050316,19.0576324463
2026-04-24_07:35:49.154891,213.562542,19.074361,214.240064621,19.0576839447
2026-04-24_07:36:03.676512,213.562029,19.075628,214.240064621,19.0576591492
2026-04-24_07:36:04.177253,213.562052,19.075778,214.240064621,19.0576095581
2026-04-24_07:36:20.201034,213.560344,19.076906,214.240036011,19.0573749542
2026-04-24_07:36:20.701754,213.560362,19.076791,214.240021706,19.0569839478
2026-04-24_07:36:37.226243,213.559078,19.078103,214.240064621,19.0575351715
2026-04-24_07:36:37.726996,213.559148,19.078329,214.240064621,19.0575027466
2026-04-24_07:36:55.253021,213.558318,19.079239,214.240050316,19.0574131012
2026-04-24_07:36:55.753800,213.558219,19.079121,214.240078926,19.0575332642
2026-04-24_07:37:14.781988,213.556856,19.080669,214.240050316,19.0575504303
2026-04-24_07:37:15.282747,213.556894,19.080595,214.240021706,19.057384491
2026-04-24_07:37:34.811714,213.555874,19.081905,214.240036011,19.0575180054
2026-04-24_07:37:35.312448,213.555945,19.082042,214.240050316,19.057554245
2026-04-24_07:37:55.843045,213.554701,19.08386,214.240050316,19.0576305389
2026-04-24_07:37:56.343794,213.554634,19.083898,214.23997879,19.0569782257
2026-04-24_07:38:17.875658,213.552824,19.084856,214.240007401,19.0575065613
2026-04-24_07:38:18.376434,213.552875,19.085195,214.240078926,19.0575904846
2026-04-24_07:38:40.909959,213.551867,19.086961,214.240050316,19.0577011108
2026-04-24_07:38:41.410630,213.55182,19.087189,214.240007401,19.0573730469
2026-04-24_07:39:04.945513,213.550326,19.089355,214.240050316,19.05768013
2026-04-24_07:39:05.446249,213.550277,19.08938,214.240021706,19.0573501587
2026-04-24_07:39:29.982692,213.549045,19.09054,214.240007401,19.0572757721
2026-04-24_07:39:30.483427,213.548889,19.090735,214.240078926,19.0576877594
2026-04-24_07:39:56.522046,213.547593,19.092612,214.240036011,19.0575180054
2026-04-24_07:39:57.022799,213.547335,19.093076,214.240021706,19.0575351715
2026-04-24_07:40:23.562128,213.546014,19.095068,214.240078926,19.0576953888
2026-04-24_07:40:24.063055,213.54591,19.09542,214.240036011,19.0575904846
2026-04-24_07:40:52.104566,213.544191,19.096489,214.240021706,19.0572662354
2026-04-24_07:40:52.605255,213.54426,19.096494,214.240121841,19.0578174591
2026-04-24_07:41:21.648413,213.542841,19.099168,214.240107536,19.0577220917
2026-04-24_07:41:22.149164,213.542756,19.099295,214.240064621,19.0576171875
2026-04-24_07:41:51.693059,213.541246,19.101451,214.23992157,19.0569038391
2026-04-24_07:41:52.193769,213.541247,19.100952,214.240078926,19.0577926636
2026-04-24_07:42:23.239841,213.539952,19.103706,214.240050316,19.0577869415
2026-04-24_07:42:23.740649,213.539784,19.104036,214.239907265,19.0569076538
2026-04-24_07:42:55.287433,213.537999,19.106091,214.240121841,19.0576305389
2026-04-24_07:42:55.788149,213.537984,19.106308,214.239993095,19.0570068359
2026-04-24_07:43:28.837288,213.535429,19.108774,214.240007401,19.0574226379
2026-04-24_07:43:29.338054,213.535272,19.108992,214.240078926,19.0577812195
2026-04-24_07:44:03.388590,213.534066,19.1122,214.240078926,19.0576400757
2026-04-24_07:44:03.889315,213.534408,19.112018,214.240050316,19.0575580597
2026-04-24_07:44:38.440624,213.532429,19.113889,214.240007401,19.0572109222
2026-04-24_07:44:38.941408,213.53249,19.114093,214.240121841,19.0577526093
2026-04-24_07:45:14.494239,213.530692,19.117093,214.239935875,19.0569438934
2026-04-24_07:45:14.994909,213.530359,19.116614,214.240136147,19.0577602386
2026-04-24_07:45:52.049943,213.52876,19.12024,214.240136147,19.0578193665
2026-04-24_07:45:52.550693,213.528726,19.12025,214.240093231,19.057554245
2026-04-24_07:46:30.607191,213.52696,19.123364,214.240064621,19.0575313568
2026-04-24_07:46:31.107897,213.526724,19.122576,214.240150452,19.0577774048
2026-04-24_07:47:09.665165,213.52532,19.126169,214.240107536,19.0576725006
2026-04-24_07:47:10.165842,213.525327,19.126316,214.23995018,19.057056427
2026-04-24_07:47:49.724585,213.523297,19.129722,214.240121841,19.0576705933
2026-04-24_07:47:50.225310,213.523225,19.129626,214.240164757,19.0578460693
2026-04-24_07:48:30.785563,213.521446,19.133077,214.240221977,19.057964325
2026-04-24_07:48:31.286291,213.521481,19.133362,214.240136147,19.0578022003
2026-04-24_07:49:13.849447,213.519603,19.136121,214.240221977,19.0580005646
2026-04-24_07:49:14.350123,213.519675,19.136534,214.240107536,19.0576515198
2026-04-24_07:49:56.913306,213.518242,19.140213,214.240036011,19.057472229
2026-04-24_07:49:57.414152,213.517937,19.139659,214.240036011,19.0575675964
2026-04-24_07:50:41.479444,213.515841,19.1424,214.239935875,19.0571689606
2026-04-24_07:50:41.980276,213.516205,19.142353,214.23995018,19.0571727753
2026-04-24_07:51:27.047107,213.514335,19.146112,214.240064621,19.0574874878
2026-04-24_07:51:27.547827,213.514232,19.146183,214.240136147,19.0577030182
2026-04-24_07:52:13.616177,213.512562,19.149733,214.240078926,19.0576190948
2026-04-24_07:52:14.116935,213.512501,19.149989,214.240007401,19.0574626923
2026-04-24_07:53:01.186823,213.510319,19.153462,214.239993095,19.0573768616
2026-04-24_07:53:01.687568,213.510435,19.153353,214.23997879,19.0573425293
2026-04-24_07:53:49.258315,213.508991,19.156921,214.240150452,19.0577659607
2026-04-24_07:53:49.758905,213.509272,19.15701,214.240121841,19.0576839447
2026-04-24_07:54:38.331065,213.507325,19.16138,214.240250587,19.0579166412
2026-04-24_07:54:38.831709,213.507279,19.161492,214.240236282,19.0578727722
2026-04-24_07:55:28.906084,213.505735,19.165456,214.239864349,19.0570926666
2026-04-24_07:55:29.406902,213.505653,19.164963,214.239878654,19.05717659
2026-04-24_07:56:19.982009,213.504352,19.168974,214.240064621,19.0575752258
2026-04-24_07:56:20.482624,213.504252,19.16881,214.23997879,19.0572052002
2026-04-24_07:57:12.059182,213.502937,19.17217,214.240078926,19.057554245
2026-04-24_07:57:12.559970,213.502791,19.172282,214.239935875,19.0572242737
2026-04-24_07:58:05.638661,213.501169,19.176982,214.23997879,19.0572795868
2026-04-24_07:58:06.139380,213.501123,19.176766,214.240036011,19.0574436188
2026-04-24_07:59:00.219709,213.499631,19.180784,214.23989296,19.0571861267
2026-04-24_07:59:00.720448,213.499442,19.180693,214.240007401,19.0574741364
2026-04-24_07:59:55.301432,213.583905,19.18387,214.327654839,19.0577640533
2026-04-24_07:59:55.802140,213.585991,19.183192,214.339370728,19.0578746796
2026-04-24_08:00:51.384643,214.75678,21.616738,215.50093174,21.4856433868
2026-04-24_08:00:51.885407,214.75703,21.616599,215.500745773,21.4852771759
2026-04-24_08:00:54.889863,214.757172,21.616925,215.50090313,21.4855422974
2026-04-24_08:00:58.395045,214.757136,21.617308,215.501046181,21.4857654572
2026-04-24_08:01:01.399494,214.757335,21.617497,215.50098896,21.4856510162
2026-04-24_08:01:04.904699,214.756803,21.61776,215.500817299,21.4853229523
2026-04-24_08:01:08.409970,214.756449,21.617328,215.500946045,21.4855594635
2026-04-24_08:01:11.414407,214.756678,21.61796,215.50093174,21.4855575562
2026-04-24_08:01:17.924010,214.756063,21.618206,215.501089096,21.485748291
2026-04-24_08:01:18.424791,214.756248,21.618822,215.501046181,21.4858112335
2026-04-24_08:01:27.938933,214.756459,21.619688,215.500845909,21.4854793549
2026-04-24_08:01:28.439645,214.756055,21.618892,215.500845909,21.4854755402
2026-04-24_08:01:39.455958,214.756586,21.620496,215.500731468,21.4852142334
2026-04-24_08:01:39.956756,214.755819,21.619774,215.500817299,21.4853839874
2026-04-24_08:01:50.973068,214.75568,21.620874,215.500788689,21.4851837158
2026-04-24_08:01:51.473846,214.75544,21.620774,215.50101757,21.4856204987
2026-04-24_08:02:03.992419,214.754926,21.622997,215.500645638,21.485162735
2026-04-24_08:02:04.493180,214.754424,21.622184,215.500874519,21.4855060577
2026-04-24_08:02:18.013232,214.754649,21.623003,215.500802994,21.485326767
2026-04-24_08:02:18.514007,214.754777,21.623286,215.501189232,21.4859790802
2026-04-24_08:02:33.035540,214.754046,21.624377,215.500802994,21.4852561951
2026-04-24_08:02:33.536289,214.754013,21.624462,215.50098896,21.4855556488
2026-04-24_08:02:49.059294,214.753382,21.626735,215.501089096,21.4858188629
2026-04-24_08:02:49.560072,214.753562,21.627,215.500974655,21.4855937958
2026-04-24_08:03:06.084570,214.752243,21.627619,215.500888824,21.4855251312
2026-04-24_08:03:06.585337,214.752739,21.628233,215.501074791,21.4857559204
2026-04-24_08:03:24.111348,214.752587,21.629825,215.50098896,21.4856929779
2026-04-24_08:03:24.612101,214.75262,21.629778,215.500602722,21.4850177765
2026-04-24_08:03:43.139538,214.752374,21.631619,215.501046181,21.4856872559
2026-04-24_08:03:43.640356,214.752304,21.631447,215.501074791,21.4857387543
2026-04-24_08:04:03.169322,214.799273,21.632305,215.550370216,21.4857177734
2026-04-24_08:04:03.670065,214.801355,21.632446,215.562272072,21.4860630035
2026-04-24_08:06:52.921152,235.603179,37.946644,235.109724998,38.4917602539
